1166
1188
2360
2342
3539
3641
4708
4781
5683
5786
6683
6719
7701
7868
8783
8941
9798
9941
10797
10944
11808
11971
12849
12776
13672
13766
14634
14763
15585
15790
16576
16781
17617
17757
18472
18715
19542
19484
19735
20521
20691
21594
21767
22661
22820
23683
23799
24692
24839
25719
25946
26675
26930
27770
27943
28736
28794
29614
29820
30559
30785
31785
32083
33006
33289
34104
34349
35158
35430
36086
36419
37178
37612
38249
38762
39506
39821
39673
40534
40719
41548
41916
42649
42953
42859
43688
43948
44706
44994
45787
45952
46778
47060
47951
47930
48177
48948
49162
50033
50289
51129
51350
52175
52374
53154
53407
54212
54544
55345
55531
56297
56665
57577
57961
58751
59062
59916
60278
61011
61377
62170
62552
63372
63687
64469
64808
65498
65825
66546
66827
66760
67525
67855
67732
67721
68630
68796
69578
69890
70648
70900
71738
71927
72749
72958
73828
74095
74011
74826
75067
74934
75919
76054
75987
76883
77083
77900
78111
78828
79080
79799
80015
80747
80977
80791
81805
81860
82712
82752
83643
83839
84784
84885
85796
85941
86893
86831
87108
87896
87982
88922
88809
89144
89840
90013
90779
91052
91665
92051
92817
93108
93729
94012
94556
94504
95251
95520
96311
96070
96584
97075
97355
98072
98410
99040
99473
100134
100454
101219
101540
102179
102593
103315
103659
104384
104672
105391
105149
105780
106151
106882
107212
108013
108252
109056
109248
109557
109740
110459
109792
110605
110651
110468
111345
111413
112228
112155
112992
113102
113909
113540
114427
114513
115208
115280
116123
115728
116675
113350
111658

