207
208
352
381
450
441
507
448
499
348
368
368
497
494
575
473
534
479
593
600
484
637
601
685
687
776
786
891
843
940
928
962
940
933
873
1016
1001
904
1065
965
1054
1050
1117
1122
1203
1194
1199
1294
1234
1224
1167
1316
1192
1281
1241
1327
1326
1447
1450
1527
1532
1614
1617
1675
1646
1691
1669
1746
1715
1715
1734
1741
1834
1702
1815
1780
1861
1761
1898
1874
1914
1928
1995
1807
1928
1775
1917
1876
1919
1928
1855
1967
1925
1887
1926
1904
2017
1985
1865
1954
1947
1779
1858
1843
1873
1840
1740
1844
1848
1995
1970
1868
1962
1717
1963
1803
1747
1730
1751
1842
1800
1842
1788
1731
1806
1738
1836
1744
1803
1833
1816
1859
1827
1812
1710
1822
1759
1888
1805
1858
1796
1872
1866
1860
1780
1869
1781
1838
1849
1893
1916
1938
1859
1922
1910
1979
1901
1968
2027
2010
2089
2000
1905
1904
2091
1952
1889
2003
1949
2005
1988
1704
1480
1728
1458
1556
1347
1526
1106
1443
1195
1115
1001
905
1170
837
478
665
338
349
323
289
1
313
93
126
155
105
14
96
2
104
126
124
115
116
103
110
59
111
92
93
96
5
97
95
100
119
87
89
2
93
1
101
98
116
90
88
85
105
104
97
100
107
91
98
115
95
91
92
90
89
88
86
94
90
91
91
89
4

