2255
2334
2378
2418
2323
2647
2652
2525
4460
4413
4492
4343
4506
4535
4583
4930
6251
6311
6502
6384
6418
6462
6669
6788
8246
8245
8321
8167
8178
8222
8305
8563
8237
9994
10094
9913
9897
9950
10084
10101
10401
11676
11814
11835
11931
11988
12118
12110
12353
12000
13509
13178
13571
13580
13650
13741
13776
14035
14129
15278
15410
15365
15366
15426
15583
15691
16067
16916
17068
16823
17187
17262
17343
17641
17673
17976
18764
18960
19139
18834
19193
19251
19552
19606
19909
20645
20897
20455
20450
20854
20456
20942
20566
21018
21234
21428
21669
22474
22653
22691
22652
22710
23043
23360
23503
24440
24512
24530
24573
24697
25067
25369
25526
26453
26405
26099
26429
26491
26637
26920
27279
27431
28250
28198
28267
28234
28555
28725
29182
29274
30128
30172
30263
30289
30381
30506
31022
31160
31873
31502
31714
31949
32069
32311
32366
32892
32543
33073
33424
33679
33747
33834
34179
33896
34174
34787
34837
35287
35456
35651
35793
35928
35693
36042
36628
36814
37074
37428
37467
37737
37822
38106
38611
38765
38793
39184
38993
38568
39234
39502
39894
40307
39825
39790
40400
40558
40550
40706
40828
41251
41717
42032
42113
41973
42025
41980
41412
42355
42725
43256
43545
43521
43526
43638
43665
43872
44392
44771
44904
45160
45203
45135
44465
45155
45375
45886
46419
46346
46445
46628
46797
46832
46824
47517
48111
48124
48190
47416
48294
48347
48251
48539
49307
49551
46822
49668
46780
49468
49492
45729
49614
49242
48688
48385
48594
47975
47976
41755
45548
43689

