179
234
239
247
219
232
230
177
242
132
90
204
183
233
234
264
323
200
229
215
238
225
246
223
242
227
260
267
290
282
304
304
233
186
134
211
188
188
213
193
157
3
114
7
170
172
176
158
5
145
168
0
204
248
17
235
225
272
257
310
353
360
232
258
45
248
331
356
242
283
263
253
189
216
195
1
204
2
176
172
175
177
171
171
1
169
163
133
120
2
115
1
109
117
1
106
102
2
105
101
90
3
6
96
118
120
125
2
118
2
115
1
101
0
106
109
97
3
132
144
145
1
141
137
135
1
101
116
112
105
1
1
97
0
102
103
101
2
99
103
92
125
131
126
110
0
1
103
112
118
122
1
105
104
2
95
96
101
100
2
1
113
110
114
121
136
143
151
153
143
146
3
109
110
127
129
138
137
153
122
108
111
111
104
8
98
109
113
114
94
100
102
1
111
105
3
96
94
1
10
34
94
92
91
2
89
102
100
93
1
91
93
97
103
96
105
2
104
101
1
98
104
103
108
100
103
103
106
89
1
93
1
91
1
2
106
107
1
90
93
0
101
101
109
96
99
109
103
8
2

