105
88
116
115
132
132
182
137
149
100
73
49
312
67
77
87
217
51
56
63
96
96
102
52
58
68
73
65
0
58
72
86
103
292
60
113
1
302
67
209
65
59
232
62
52
70
62
62
58
97
94
76
84
83
54
54
68
68
203
190
61
74
1
75
80
50
45
48
71
82
56
45
152
47
1
207
93
106
98
49
92
65
74
68
121
78
95
97
99
65
79
64
94
80
72
45
53
50
58
1
1
0
80
65
64
144
63
46
48
50
45
49
1
57
56
58
63
64
76
78
75
54
0
198
79
48
48
54
54
60
1
52
93
48
52
48
87
71
77
56
54
65
49
63
59
64
93
1
68
52
50
52
54
50
70
74
65
109
63
62
51
63
71
46
50
45
50
58
58
58
79
83
51
59
0
47
0
71
0
49
53
57
57
44
1
59
51
46
54
68
0
69
84
0
68
50
44
0
47
59
43
67
76
55
59
45
48
54
99
201
61
94
48
47
54
47
0
46
54
42
50
61
57
55
50
45
44
46
61
190
45
60
54
48
171
46
91
58
0
47
44
53
76
54
49
96
68
0
59
46

