109
119
118
152
157
161
103
79
86
117
135
140
84
85
93
65
78
81
80
61
65
79
102
77
90
44
52
0
89
90
54
86
43
65
62
66
65
94
83
82
80
46
56
58
57
300
51
79
71
101
96
88
85
73
50
92
52
268
128
56
64
61
49
88
89
100
67
56
53
57
77
60
1
60
47
200
57
57
80
73
53
45
43
224
126
71
73
55
221
53
107
41
52
239
51
55
48
47
1
64
88
45
43
0
48
59
47
85
99
143
84
57
85
67
65
51
211
1
42
43
1
1
64
56
75
80
58
66
60
48
1
0
61
52
48
46
44
57
173
75
71
77
82
51
44
60
50
60
50
55
67
63
44
62
59
73
53
56
61
60
44
47
83
48
91
47
52
1
59
73
82
132
44
66
50
44
1
42
62
50
43
51
169
96
77
85
67
1
1
44
44
47
90
51
50
94
57
50
42
54
42
92
51
66
44
49
54
49
59
62
0
46
56
49
0
55
64
77
47
43
52
59
42
45
48
46
69
48
71
54
69
45
52
83
52
47
53
58
42
63
51
45
1
48
52
44
44
52
0
47

