288
278
239
325
229
262
307
351
295
358
358
299
209
196
225
251
168
205
168
123
136
152
149
155
4
192
191
187
183
136
130
128
105
158
171
172
196
187
146
176
196
175
211
200
205
250
207
11
257
193
272
259
282
276
283
243
242
253
257
1
271
229
204
248
265
203
181
209
140
119
15
132
2
142
150
149
2
128
127
133
1
144
0
1
183
171
165
147
132
1
130
123
116
160
159
126
130
0
1
103
143
1
1
146
153
146
147
1
135
139
155
159
138
112
1
116
1
121
187
200
198
199
195
205
182
2
127
146
143
148
115
105
103
102
143
147
2
111
107
106
0
106
2
1
8
117
126
10
117
3
2
0
163
147
146
133
149
143
146
151
144
135
1
2
119
119
1
123
117
1
106
7
113
114
118
108
126
130
126
126
115
97
1
107
106
2
123
112
2
121
131
130
121
111
1
110
0
104
110
102
9
105
98
111
122
122
101
101
101
97
2
107
115
116
105
99
1
107
110
107
104
2
2
11
118
106
112
111
4
103
94
1
130
116
118
98
106
108
96
7
107
108
100
3
1
99
103
99
96
97

