74
59
78
130
147
150
109
115
136
224
222
206
368
232
168
171
267
68
66
42
385
55
101
128
100
111
57
54
49
46
77
61
58
75
58
63
71
101
86
51
59
61
50
44
79
64
52
47
47
58
72
78
59
53
61
0
51
50
43
53
57
56
89
89
63
104
179
44
52
54
206
55
112
48
49
48
46
61
109
226
75
76
56
90
233
66
67
53
51
54
58
46
56
74
48
71
0
98
49
56
60
86
0
48
1
77
108
93
1
65
204
67
78
52
74
79
57
55
1
47
53
55
43
52
59
73
79
203
55
51
77
60
47
39
42
1
51
48
92
45
84
78
52
54
70
48
53
46
50
41
1
52
1
73
51
51
41
68
47
44
67
50
1
43
214
47
42
48
57
69
47
50
84
0
49
0
43
48
90
58
109
50
60
48
41
43
58
57
94
93
46
61
61
82
51
43
72
52
60
51
57
60
0
44
71
45
85
51
230
66
42
1
49
50
51
57
43
59
1
55
78
0
67
44
49
45
47
0
44
54
68
47
51
0
50
46
1
44
51
54
62
51
50
43
50
56
47
54
52
57

