77
79
163
169
198
194
233
405
333
355
374
370
376
393
400
345
269
208
316
224
171
182
346
241
267
295
299
375
352
324
361
320
301
341
370
326
355
241
225
291
275
294
287
244
382
207
227
116
45
89
67
48
92
140
136
146
100
105
68
126
72
64
48
25
55
1
171
56
0
46
49
64
62
46
61
97
52
54
60
58
75
87
117
57
47
55
77
69
76
68
44
67
80
66
45
45
47
1
54
88
129
115
156
153
198
93
159
77
80
41
23
67
51
50
50
51
60
49
60
55
72
67
52
0
59
0
77
50
49
73
57
52
56
76
57
50
100
66
53
0
53
50
112
191
46
83
58
42
0
54
68
55
50
31
52
43
47
56
97
54
166
63
55
57
55
63
73
49
49
48
44
58
48
65
74
54
82
193
53
56
59
58
85
48
98
133
191
71
85
55
102
194
137
123
63
43
49
63
48
0
52
0
47
5
43
62
49
57
83
54
88
61
57
62
54
54
86
112
51
55
1
1
50
0
44
55
44
108
56
47
54
52
61
128
70
56
45
64
59
45
48
63
0
56
1
53
47
57
1
166

