211
212
224
262
464
414
461
222
342
282
185
284
196
142
202
218
188
689
265
279
274
273
370
382
354
357
422
405
403
391
516
453
521
403
521
527
515
386
525
606
532
660
550
793
647
793
651
784
756
685
683
524
851
656
762
711
500
706
828
254
699
538
721
611
364
732
258
413
275
723
355
315
328
329
194
430
406
215
387
361
269
214
267
359
400
324
326
3
153
26
0
236
1
180
130
99
160
174
138
151
191
18
237
253
162
3
122
116
117
1
116
93
5
2
151
157
119
124
133
140
159
129
1
90
2
106
101
1
118
118
0
105
105
0
106
111
1
99
1
9
102
91
102
102
5
108
1
119
117
2
121
75
132
123
128
3
140
115
108
95
94
98
102
111
121
123
110
91
99
89
1
107
111
1
103
100
1
2
96
98
121
131
124
123
169
166
142
124
138
92
93
92
91
104
103
100
101
101
115
113
111
0
103
111
110
0
93
105
112
2
100
104
107
1
94
96
121
123
121
2
99
101
3
100
118
91
97
104
106
104
95
94
93
99
95
87
8
92
1
97
104
98
3
112
100
96
99
92
90
95

