3788
3828
4828
4491
4824
4664
4580
4930
4734
4958
4884
4876
5116
4972
4834
4806
7042
7260
8468
8469
8468
8474
8489
8471
8474
8476
8531
8492
8504
8533
8562
8567
10848
10849
10973
11153
11200
11465
11467
11604
11711
12274
12143
12356
12312
12298
12227
12403
14307
14391
13673
13767
13929
14090
14184
14336
14343
14636
14645
14991
15058
15222
15332
15844
17354
17400
17579
17524
17767
17809
18043
17998
18096
17110
17211
17420
17523
17646
17569
17856
18408
20278
20327
20636
20760
20887
21081
21157
21171
21254
21226
21266
21590
21644
21913
21923
22662
24262
24409
24576
24552
24582
24556
24557
24556
24503
23437
23480
23808
23978
24284
24464
24931
26546
26997
26550
27024
27120
27139
27446
27469
24596
27482
27621
27681
27865
28148
28174
28329
28499
28775
30555
30717
30614
30578
28539
30719
28681
30856
28920
28959
28972
29261
29285
29441
29776
29787
30124
32326
32514
32735
32802
32874
33057
33166
32520
33185
33293
33408
33468
33489
33652
33859
33999
34049
35913
35918
36483
36416
36346
36951
36923
35217
36950
37018
37038
35326
37437
37352
37495
37636
37720
36012
37751
39938
40071
40093
40443
39122
39035
39397
39508
39603
39868
40095
40122
40214
39991
40505
40679
40679
40097
40702
42629
42676
43036
43245
42240
43268
43595
43947
43999
44091
44475
44664
44752
44377
44504
41991
45107
44730
46454
46389
45597
46810
46766
46880
46712
45837
42504
45945
46511
46315
46153
46026
45669
46037
46362
46150
41420
40580
47729
37425
47790
46371
46180
40111
46260
46170
38782

