1424
1453
1510
1532
2706
2738
2702
2753
3706
3609
3471
3470
4489
4542
4506
4607
5621
5563
5653
5697
6695
6724
6885
6767
7917
7917
7781
7945
8884
8959
8968
9088
9984
10131
10222
10139
11126
11105
11176
11130
12138
12183
12263
12345
13313
13365
13445
13490
14523
14449
14552
14677
15397
15581
15464
15679
16479
16441
16690
16636
17463
17546
17595
17734
18585
18695
18645
18751
19081
19724
19794
19899
20225
20978
20779
21119
21143
21340
22013
22234
22320
22443
23313
23432
23581
23670
24516
24587
24804
24771
24682
25719
25788
25983
26167
27110
27188
27403
27539
28392
28354
28521
28618
29561
29719
29716
29884
30670
30799
30804
30873
31704
31771
31711
31928
32825
32974
32994
33209
34136
34116
34143
34340
35247
35080
35247
35289
35412
36242
36269
36306
36502
37325
37513
37511
37231
37658
38318
38523
38534
38694
39466
39589
39701
39552
39792
39539
40590
40785
40472
40723
40779
41650
41821
41773
41497
41824
42716
42890
42684
42796
43640
43159
43860
43641
43698
44433
44576
44639
44453
45315
45398
45410
45483
46288
46431
46476
46501
47377
47324
47359
47418
48293
48458
48404
48480
49236
49449
49486
49139
49512
50147
50467
50355
50627
51165
51471
51451
51549
52211
52446
52593
52719
53394
53239
53596
53674
53855
54379
54613
54663
54719
55392
55251
55160
55243
55315
55513
55394
55527
56044
56104
56244
56331
56865
56787
56898
56983
56689
57581
57630
57551
57975
58265
58229
58602
58568
58572
58686
58265
58095
58575
58481
58663
58256
59108
58924
58616
58409
58773

