193
157
223
223
196
229
155
168
176
130
86
201
183
233
247
249
228
194
221
204
232
224
239
222
215
219
249
222
278
250
232
230
215
182
132
210
186
187
207
180
146
0
112
0
166
169
171
155
0
148
144
0
201
246
0
235
224
269
304
326
275
252
229
236
0
231
324
354
241
276
258
249
182
208
191
0
202
0
172
166
161
173
169
168
0
166
157
125
118
0
109
0
108
117
0
105
102
0
103
100
89
0
0
95
116
123
118
0
117
0
113
0
100
0
103
107
96
0
130
129
143
0
140
136
132
0
101
114
112
104
0
0
94
0
102
101
97
0
97
102
91
123
129
124
109
0
0
100
111
116
118
0
102
101
0
94
94
98
99
0
0
107
108
111
119
130
130
150
153
141
139
0
109
107
126
127
136
138
134
121
103
109
108
103
0
96
107
110
112
92
99
102
100
0
91
0
91
90
0
0
0
92
91
88
0
86
100
98
92
0
89
91
96
95
94
102
0
102
100
0
96
103
102
98
99
100
101
103
88
0
92
0
90
0
0
105
106
0
89
91
0
100
100
102
95
97
108
102
0
0

