1422
1452
1509
1531
1334
1405
1332
1361
1198
1181
1194
1204
1253
1274
1260
1326
1345
1232
1285
1323
1250
1265
1368
1308
1346
1337
1308
1367
1200
1259
1253
1256
1235
1293
1410
1300
1246
1281
1257
1244
1267
1286
1267
1328
1335
1352
1376
1275
1326
1235
1236
1361
1207
1261
1200
1248
1275
1230
1367
1327
1222
1297
1341
1261
1250
1271
1
1316
1442
1202
1196
1272
1225
1325
0
1288
1405
1212
1238
1260
1395
1304
1428
1334
1391
1331
1398
1364
1471
1394
0
1413
1413
1352
1491
1490
1496
1513
1557
1426
1340
1271
1254
1332
1484
1339
1381
1234
1309
1348
1316
1370
1300
1214
1290
1311
1354
1339
1342
1427
1361
1365
1341
1337
0
1337
1366
1314
1209
1305
1307
1361
1306
1332
1303
0
1274
1266
1282
1315
1330
1332
1285
1336
0
1288
0
1318
1343
0
1268
1294
1355
1357
1226
0
1432
1297
1255
1233
1341
1264
1
1337
1275
1321
1281
1235
1273
1182
1270
1234
1242
1333
1259
1251
1251
1287
1298
1284
1235
1304
1294
1304
1286
1323
1204
1271
1323
0
1313
1237
1313
1313
1413
1272
1269
1367
1239
1367
1269
1354
1300
1296
0
1274
1257
1310
1266
1326
1327
1266
1372
1295
1354
1306
1239
1283
1255
1369
1232
1256
1270
1405
1302
1249
1304
1238
0
1329
1303
1223
1371
1314
1265
1301
1258
1246
1299
1270
1318
1488
1322
1243
1361
1600
1628
1521
1541
1099

