71
58
77
128
146
150
74
66
87
160
152
136
368
80
66
57
120
57
54
41
252
54
101
126
100
111
57
51
49
46
75
60
58
75
56
60
70
100
85
50
58
61
49
44
78
63
51
46
47
58
72
77
58
50
61
0
51
49
43
51
56
56
87
89
63
103
177
44
50
53
205
54
112
48
47
48
45
60
89
225
73
64
48
61
232
65
66
52
50
54
58
46
55
73
48
70
0
98
48
55
58
85
0
47
0
77
107
93
0
64
203
67
77
50
74
79
56
55
0
46
52
54
43
52
58
73
78
203
55
50
77
58
46
38
41
0
50
47
91
45
84
77
51
53
69
47
51
46
48
41
0
51
0
72
50
51
41
68
45
44
67
49
0
42
213
47
41
47
56
68
47
50
83
0
48
0
43
47
89
57
108
49
59
47
40
41
57
56
93
92
46
61
60
81
51
43
70
51
59
50
57
59
0
44
70
44
84
50
230
65
42
0
49
49
50
56
42
58
0
55
77
0
67
43
48
44
46
0
43
54
67
47
51
0
49
44
0
43
49
54
62
50
49
43
49
56
47
53
52
55

