105
114
116
149
153
158
102
75
81
71
134
140
80
79
82
64
75
81
80
61
65
78
101
77
87
44
51
0
89
89
54
85
42
64
61
64
65
93
81
82
78
46
56
57
56
299
50
79
69
99
95
88
85
72
49
92
51
267
127
56
63
61
49
88
89
100
67
55
51
56
76
60
0
59
47
199
56
57
80
71
52
45
43
223
126
70
73
54
219
52
107
41
51
238
50
54
47
46
0
63
88
43
43
0
47
58
46
84
99
142
83
56
84
67
65
50
210
0
41
42
0
0
63
54
74
80
58
65
59
47
0
0
59
51
48
46
43
57
171
70
75
77
82
49
44
58
50
59
50
54
67
63
42
61
58
72
52
55
61
58
43
45
82
90
47
47
51
0
58
71
81
132
43
65
49
44
0
41
61
49
43
51
168
96
77
83
66
0
0
43
44
47
89
50
49
93
56
49
41
54
42
90
50
65
43
49
52
48
57
61
0
46
55
48
0
55
64
76
46
43
51
58
42
44
47
45
67
48
69
53
69
44
51
82
52
45
53
58
41
63
51
44
0
48
48
42
44
51
0
46

