195
204
214
227
249
265
266
219
142
177
176
172
156
127
124
137
141
145
175
180
174
162
194
194
198
196
151
139
143
139
182
180
191
191
183
166
166
0
204
180
140
193
192
287
286
295
285
149
144
151
155
0
183
0
185
181
0
192
190
196
193
0
0
194
0
156
0
139
145
144
190
184
196
191
0
139
139
135
145
199
202
0
197
211
164
155
164
0
151
0
0
204
0
178
129
97
158
171
135
149
143
0
178
165
160
0
119
109
116
107
0
93
0
0
150
155
113
120
132
128
118
118
0
90
0
98
99
0
115
113
0
104
104
0
105
105
0
98
0
0
100
90
100
97
0
107
0
119
116
0
118
0
122
121
128
0
115
110
107
92
93
96
101
108
120
121
109
91
96
89
0
106
108
0
101
99
0
0
95
96
118
127
122
122
122
122
125
120
108
90
90
90
90
102
103
99
101
97
111
111
109
0
101
110
102
0
91
103
110
0
99
103
105
0
92
93
118
118
119
0
97
100
0
100
102
89
96
102
104
102
93
93
89
97
93
87
0
90
0
96
104
95
0
110
100
94
96
91
89
95

