74
76
86
102
67
75
111
241
126
54
68
46
51
58
85
65
61
0
67
71
76
60
236
71
68
50
46
212
58
51
48
77
47
63
85
52
58
57
92
114
53
47
49
0
167
72
97
48
45
53
67
48
45
139
84
85
50
54
48
57
64
64
47
0
54
0
170
55
0
45
49
63
61
46
61
53
52
54
59
58
48
46
52
51
46
54
77
68
63
68
44
66
49
48
43
44
46
0
54
58
129
44
66
71
76
0
88
57
79
0
0
65
49
49
49
50
59
49
58
54
71
67
50
0
59
0
75
50
49
43
57
51
54
76
56
48
98
65
53
0
52
49
70
191
46
52
57
42
0
53
68
53
49
0
51
43
46
54
95
53
165
62
55
55
55
62
73
47
48
47
43
57
47
51
43
53
76
192
52
55
58
57
46
48
53
56
190
71
84
48
47
155
46
92
63
42
48
63
47
0
51
0
47
0
42
61
49
56
82
54
88
60
56
62
54
53
86
111
50
55
0
0
49
0
43
54
44
108
55
47
54
52
60
128
56
56
45
63
59
45
46
63
0
56
0
52
47
56
0
165

