3784
3827
3896
4096
4098
4203
4317
4102
4512
4166
4553
4171
4756
4595
4742
4659
3958
4213
4283
3976
4169
4525
4256
4060
4041
4930
4812
4815
4823
4966
4833
4626
4210
4132
4162
4101
4349
4214
4171
4232
4577
4436
4295
4605
4369
4368
4350
4429
4519
4656
3728
4347
4685
4644
4480
4625
4466
4126
3978
4053
4281
4201
4210
4696
4236
4205
4306
4276
4361
4218
4217
4222
4407
4213
4304
4101
4270
4160
0
4160
4301
4454
4371
4367
4522
4333
4568
4359
4351
4411
4154
4096
4245
4198
4345
4148
4399
4210
4373
4312
4251
4251
4141
4151
4216
4169
4258
4258
4226
4339
4375
4543
4207
4142
4379
0
4097
4254
4083
4143
4242
0
4138
4186
4543
4387
4222
4408
4098
4186
4109
4362
4266
4239
4277
0
4340
3934
4325
4324
3967
4363
3922
4478
3936
4452
4013
3961
4294
4127
4348
4122
4335
4101
4583
0
3926
4377
4440
4031
4592
4371
3883
4269
4320
3501
3402
4307
4186
3548
4879
3502
0
3614
3635
4831
0
5162
4854
4757
4817
4737
0
5127
4131
4196
4133
4408
4483
0
4155
4683
4292
4651
4577
4796
4574
0
4577
4667
4893
0
4661
4254
4337
4525
4291
0
4234
4285
4527
4221
4577
4562
4666
4645
4466
4490
0
5100
4541
4656
4681
3817
4800
4824
4932
4939
3852
0
4040
4772
4796
4040
4037
4227
4349
4605
3087
2657
2573
4221
2367
4238
3768
3756
3126
3706
3428
3124

