199
200
137
143
189
189
103
99
103
99
140
134
137
138
120
118
111
113
131
135
0
120
121
116
115
139
136
107
116
106
114
97
0
97
0
130
129
0
102
103
101
103
133
134
96
95
101
99
134
134
0
98
99
101
98
98
97
121
122
96
95
95
96
129
130
104
0
0
101
106
105
131
137
0
102
108
97
95
146
146
98
108
98
0
96
0
129
130
100
104
100
0
99
99
101
140
145
105
0
109
101
0
107
130
141
95
95
109
114
153
0
159
0
0
97
92
100
0
98
123
139
103
97
0
93
95
139
0
154
112
103
97
98
102
103
0
0
101
109
111
0
116
105
105
0
100
92
96
102
104
117
131
120
102
95
119
0
119
115
114
101
97
0
0
111
108
0
112
0
119
99
100
0
96
0
96
0
115
0
120
102
0
0
0
96
101
0
102
96
105
119
105
0
107
91
102
105
98
0
93
0
98
125
123
112
114
101
108
0
103
91
90
92
0
95
95
98
95
87
89
0
88
0
99
97
94
88
87
84
102
104
95
97
96
90
98
104
93
90
91
88
88
88
84
93
90
88
90
87
0

