2255
2332
2376
2416
2321
2646
2650
2521
2407
2383
2443
2356
2518
2342
2382
2638
2098
2130
2270
2234
2184
2167
2363
2185
2234
2204
2284
2303
2174
2172
2201
2192
0
2147
2194
2185
2123
2112
2229
2167
2183
2041
2049
2056
2140
2147
2147
2194
2204
1
2101
0
2049
2125
2142
2217
2131
2346
2139
2110
2172
2095
2157
2093
2213
2073
2331
2021
2026
0
2159
2097
2131
2260
2215
2162
2093
2139
2190
0
2161
2142
2189
2204
2219
2193
2260
0
0
2062
0
2101
0
2228
2105
2257
2160
2227
2197
2241
2148
2059
2151
2228
2176
2319
2122
2176
2200
2206
2238
2249
2213
2170
2106
0
2143
2111
2157
2129
2185
2192
2122
2142
2185
2185
2321
2147
2196
2171
2182
2188
2267
2249
2172
2148
2224
2221
2063
0
2037
2104
2187
2211
2138
2183
0
2228
2078
2256
2190
2166
2276
0
2206
2306
2196
2054
2190
2222
2278
2160
0
2202
2199
2338
2194
2329
2143
2261
2141
2437
2300
2404
2144
2121
2114
0
2120
2278
2368
2363
0
0
2189
2332
2040
2098
2108
2267
2423
2077
2345
2214
2089
2079
0
2138
2149
2158
2128
2177
2122
2206
2194
2115
2237
2249
2137
2139
2335
2167
0
2124
2146
2254
2196
2081
2128
2198
2241
2256
2215
2204
2295
2277
2083
0
2166
2214
2129
2120
2249
2196
0
2342
0
2152
2248
0
2263
2269
2064
2056
1988
1893
1934
1762
1839
1842

