102
85
114
115
130
130
182
136
149
100
72
47
311
66
77
86
217
50
56
62
94
95
102
51
57
68
72
64
0
58
71
86
103
292
59
112
0
301
65
209
65
59
232
62
51
70
62
61
56
96
93
76
81
82
54
53
67
67
202
189
61
73
0
74
79
49
44
48
70
81
55
45
152
45
0
206
92
104
97
48
92
65
73
68
121
78
95
97
99
64
78
63
93
80
71
44
51
48
58
1
0
0
79
49
63
141
62
45
47
49
44
47
0
57
55
57
62
63
75
77
75
53
0
197
77
48
48
53
53
60
0
51
93
48
50
47
86
70
76
55
53
64
49
62
59
62
92
0
68
51
50
51
54
50
69
73
64
102
62
61
50
63
69
46
50
44
50
57
58
57
79
82
51
58
0
47
0
70
0
49
52
56
57
43
0
57
50
46
53
68
0
69
84
0
66
50
43
0
46
57
43
67
76
55
56
45
48
53
99
200
60
92
47
47
53
47
0
46
53
41
49
61
56
55
50
45
43
45
61
189
44
59
54
47
171
46
91
57
0
47
44
53
76
52
49
95
67
0
58
46

