283
275
300
238
225
263
244
256
197
261
300
252
167
172
176
227
167
205
166
122
134
144
148
153
0
190
188
177
180
135
126
126
102
156
167
172
171
194
166
144
173
172
203
198
199
237
204
0
257
192
270
252
281
275
283
241
240
245
256
0
241
217
204
248
242
200
180
201
136
118
0
131
0
128
148
149
0
126
124
132
0
138
0
0
167
170
163
135
130
0
127
121
113
157
156
123
124
0
0
102
142
0
0
145
149
143
144
129
0
136
157
155
138
107
0
111
0
120
181
198
194
198
193
192
182
0
117
140
143
146
114
104
101
102
142
138
0
109
106
105
0
103
0
0
0
119
117
0
115
0
0
0
158
144
140
129
147
141
143
141
142
134
0
0
113
118
0
119
117
0
98
0
111
113
115
106
126
128
122
122
112
95
0
104
105
0
117
109
0
121
127
126
120
108
0
109
0
104
108
99
0
100
98
111
121
120
101
98
100
94
0
104
112
114
104
97
0
103
108
105
100
0
0
0
115
104
109
106
0
97
93
120
0
115
117
96
104
106
94
0
102
105
97
0
0
96
99
97
96
94

