1163
1185
1199
1197
1233
1334
1225
1255
1089
1056
1091
1079
1115
1192
1105
1095
1045
1035
1063
1088
1086
1063
1090
1143
1141
1088
1156
1141
1054
1133
1064
1047
1094
1111
1058
1076
1119
0
1093
1105
1105
1130
1159
1182
1115
1068
1043
1071
1096
1066
1132
1060
1069
1119
1093
1106
1036
1027
1094
1044
1046
1229
1304
1236
1227
1122
1098
1079
1098
1069
1121
1104
1225
1104
1165
1294
1102
0
1109
1119
1191
1229
1169
1173
0
1118
1112
1175
1091
1119
1157
1216
1193
1216
0
1153
1059
1101
1170
1145
1143
1114
1084
1113
1109
1151
1131
1176
1163
1153
1123
1177
1351
1372
1202
1160
1231
1251
1208
1218
1232
1264
1263
1200
1190
1198
1102
1072
1130
1159
0
1114
1104
0
0
1182
1129
1119
1188
1239
1221
1233
1062
1065
1106
1125
1154
0
1077
1092
0
1177
1214
0
1178
1133
1112
1096
1114
1109
1091
1089
1130
1121
0
1110
1091
1089
1072
1141
1144
1164
1098
1092
1114
1157
0
1207
1157
1115
1251
0
1334
1143
1170
1089
1173
1114
1134
1161
1112
1128
1125
1102
1123
1109
1042
1130
0
1120
1091
1182
1094
1076
1047
1130
1140
1144
1226
1221
1236
1228
1161
1174
1238
1115
1096
1084
1077
1148
1166
1122
1165
1084
1054
1049
1088
1138
1169
1065
1068
1048
0
1029
1080
1085
1059
1123
1129
1218
1215
1090
1132
1198
1092
1110
1081
1067
1067
1086

