4875
5100
5212
5722
5914
5757
6106
5989
5783
5817
5913
6079
6091
6003
6104
6445
9576
9897
9831
9538
9649
9875
9942
10019
10099
10355
10466
10446
10535
10121
10386
10321
13078
13105
13383
13584
13629
13675
13805
14140
14203
14255
14406
14470
14474
14517
14534
14604
17142
17480
17360
17835
17603
17918
18035
18127
18404
18461
18560
18530
18663
18346
18539
19185
21331
21617
21388
21404
21653
21856
22004
22259
22422
22398
22440
22495
22571
22817
22834
23522
25333
25679
25239
25884
25825
25517
25556
25638
25889
26020
26077
26205
26357
26514
26658
27372
29436
29465
29458
29820
29775
29515
29905
29866
29947
29906
30063
30115
30327
30295
30621
31406
33282
33361
33473
33684
33695
33778
33904
33853
33606
33609
33788
34017
34088
34135
34538
34959
37093
37122
37348
37405
37347
37072
37440
37335
37429
37618
37576
37731
38082
38186
38288
38478
40343
40728
40632
40682
40692
41046
41026
41174
41213
41222
41126
41527
41495
41703
41869
41812
43495
43844
44358
44442
44131
45140
45234
45505
44885
45017
45602
45578
45241
45536
45759
46069
46872
46976
47779
47823
48067
48479
48424
48445
48512
48741
48907
49033
49111
49475
49802
49908
50740
50941
51751
52076
51829
52189
52293
52638
52480
52815
52730
52959
53122
53116
53400
53499
53746
53846
54829
54876
54856
55503
55687
55749
55850
55923
56360
56297
56217
56318
56662
56944
56933
57344
57873
57719
57890
58136
58655
58291
58941
58838
59054
59133
59184
58254
58403
58231
57659
57556
57395
55383
56699
54457
52157
53411
52109
49126

