1582
1594
2827
3021
4172
4178
5261
5384
6545
6586
7801
7820
9045
9075
10408
10494
11809
11815
12927
13026
14232
14307
15390
15498
16512
16611
17606
17680
18646
18683
19653
19732
20728
20830
21869
21795
22699
22768
23840
23831
24924
24999
25991
26046
27032
27069
28138
28121
29220
29220
30289
30386
31457
31541
32631
32663
33742
33798
34878
34825
35889
35896
36980
36920
38054
38122
39168
39158
40302
40347
41543
41535
42528
42570
43640
43690
44741
44790
45835
45833
46815
46816
47846
47907
49069
49131
50326
50424
51399
51502
52579
52685
53757
53801
55058
55047
56237
56226
57424
57402
58704
58735
59809
59812
60915
61078
62174
62362
63460
63476
64462
64428
65605
65776
66821
66900
68061
68132
69320
69458
70703
70729
71888
71748
72880
73003
74085
74173
75344
75362
76472
76603
77608
77797
78835
79013
80011
80090
81053
81265
82141
82322
83322
83603
84550
84667
85532
85688
86666
86772
87856
87942
89138
89216
90138
90202
91336
91379
92453
92507
93509
93737
94529
94703
95643
96033
96792
96987
97820
98224
98985
99469
100330
100614
101523
101832
102694
103019
103953
104150
104630
104923
105739
106062
106800
107164
107891
108236
108929
109341
109906
110343
111019
111625
112098
112593
113051
113432
113914
114367
114831
115409
115930
116268
116652
117209
117458
117953
118320
118844
119548
119878
120488
120872
121447
121773
122248
122490
123296
123533
124404
124588
125525
125659
126278
126382
127118
127227
128125
128226
128960
129208
129757
129530
130301
130453
131251
130919
130793
130677
130998
130622
131554
130637
131726
131586
132782
130611
128769
131369

