493
499
1001
1041
1373
1446
1682
1781
1876
1841
2102
2168
2438
2517
2660
2727
2993
3036
3290
3359
3498
3668
3833
3989
4007
4060
4262
4313
4574
4571
4796
4797
4964
4923
5158
5280
5314
5455
5653
5587
5830
5825
5916
5923
6140
6151
6379
6386
6610
6606
6633
6722
6741
6742
6930
6930
7132
7152
7327
7401
7524
7526
7719
7701
7787
7825
8001
8180
8091
8198
8221
8322
8333
8482
8577
8689
8793
8901
8868
8915
9015
9148
9122
9333
9351
9371
9588
9689
9783
9830
9902
9991
10038
10125
10362
10430
10593
10611
10747
10821
10960
10993
11167
11092
11288
11259
11421
11457
11651
11631
11708
11722
11940
11969
12115
12105
12218
12243
12432
12465
12670
12616
12735
12771
12996
13008
13240
13137
13202
13158
13290
13422
13494
13539
13736
13718
13851
13751
13946
13895
13865
14118
14083
14097
14313
14217
14420
14233
14470
14468
14694
14668
14939
14880
15136
15099
15346
15267
15390
15540
15668
15628
15858
15855
16036
16027
16292
16168
16478
16442
16633
16515
16621
16822
16763
16864
16993
17061
17188
17253
17258
17167
17174
17254
17338
17396
17558
17653
17814
17758
17857
17832
18001
18048
18200
18296
18113
18284
18314
18535
18571
18661
18662
18820
18843
18995
18885
19034
19023
19076
19298
19055
18897
19274
19041
19128
19110
19111
19120
19307
19379
19305
19453
19423
18433
18999
18578
18259
18231
18168
18329
18364
18542
18557
18616
18626
18698
18661
18818
18360
18532
18290
18081
16753
16700
16771
16803
16765
16761
16425

