1254
1480
1560
1511
1538
1663
1472
1679
1564
1588
1758
1571
1744
1664
1790
1680
1764
2003
2129
2174
2129
2065
2193
2203
2079
2150
2206
2175
2352
2352
2408
2445
2430
2450
2499
2545
2570
2551
2636
2650
2691
2736
2838
2891
2868
2885
2805
2852
2876
2820
3079
3099
2971
2909
2991
2899
3225
2990
3030
3077
3260
3271
3347
3374
3218
3253
3363
3443
3445
3497
3591
3730
3678
3836
3906
3759
3836
3931
4025
3855
4274
4174
4229
4193
4396
4082
4546
4065
4456
4371
4497
4342
4633
4658
4365
4684
4576
4593
4658
4660
4493
4506
4345
4515
4878
4542
4547
4690
4747
4580
4402
4586
4791
4623
4624
4629
4804
4659
4853
4855
4854
4856
4875
4930
4951
4939
5074
5142
5292
5119
5295
5297
5149
5317
5536
5362
5362
5375
5611
5500
5547
5734
5525
5705
5411
5556
5604
5610
5618
5686
5765
5792
5825
5916
5974
5834
5862
5848
5814
5455
5856
5678
6100
5714
5641
5690
5831
5918
5939
5796
5821
5883
5976
6184
6224
6028
5838
6059
5745
5803
5885
5976
6034
5700
6016
5854
5906
5897
5867
5750
5847
5694
6129
6181
5876
5893
5898
6041
5925
5992
5963
5989
6192
6141
6151
5988
6065
6155
6187
6251
6283
6027
6230
6246
6131
6297
6129
5846
6120
6137
5926
5593
5726
5743
6666
5238
5463
4912
5967
5168
5023
5219
4906
5123
4778
3784
4858
2153
5542
4925
2621
4329
1801
3310
782
803
248
250
236
240

