2231
2242
2242
2249
3889
3886
3927
3897
5574
5573
5569
5765
7259
7243
7349
7624
8775
8644
8715
8861
10376
10374
10419
10580
11809
11882
12091
12228
13363
13470
13542
13516
14616
14648
14796
15021
16101
16036
16188
16422
17424
17442
17501
17925
18921
18913
19031
19410
20313
20387
20403
20837
21787
21850
21895
22272
23211
23278
23436
23762
24751
24833
24913
25171
26032
26014
26075
26549
27305
27377
27401
27897
28481
28676
28648
29171
29875
29902
30119
30795
31389
31452
31648
32410
32926
32831
33027
33827
34307
34331
34566
35489
35794
35774
35978
36828
37060
37191
37478
38305
38528
38636
38785
39666
39991
40013
40194
41123
41373
41280
41518
42476
42667
42816
42952
43881
44127
44277
44262
45305
45458
45640
45669
46778
46868
47103
47114
48238
48371
48560
48629
49829
49993
49806
49906
51049
50994
51108
51113
52440
52452
52503
52643
53912
53928
53992
53958
55249
55327
55143
55509
56555
56637
56706
56709
58021
57871
57881
57878
59122
59224
59300
59373
60582
60628
60635
60669
61841
61824
61993
62010
63277
63269
63364
63379
64451
64453
64517
64739
65794
65835
65753
65718
66883
66906
67020
67311
68147
68207
68184
68698
69466
69540
69620
70084
70706
70815
70973
71414
72216
72359
72467
72771
73352
73316
73342
73866
74543
74603
74763
74960
75553
75750
75879
76398
77034
77058
77223
77601
78168
77758
77967
78221
78605
78530
78614
78960
79631
79505
79646
79943
80538
80705
80560
81052
81509
81673
81572
81937
82141
82264
82306
82117
82248
82128
81918
81866
81853
81826
79163

