739
810
810
1175
1186
1193
1496
1570
1600
1593
1798
1895
1892
1904
2024
2047
1881
1946
1993
2136
2179
2353
2280
2358
2475
2508
2413
2445
2610
2476
2512
2484
2631
2689
2456
2460
2656
2613
2633
2650
2798
2760
2670
2680
2717
2811
2736
2824
2873
2880
2937
3043
2981
2965
3245
3144
3189
3256
3268
3405
3392
3472
3422
3560
3563
3651
3575
3693
3720
3798
3816
3895
3859
3949
4011
4099
4033
4153
4193
4238
4266
4338
4408
4470
4413
4502
4592
4624
4616
4535
4669
4655
4690
4677
4633
4644
4718
4753
4862
4916
4914
4975
4992
5126
5114
5188
5334
5334
5498
5380
5493
5459
5486
5499
5632
5646
5662
5703
5710
5836
5772
5745
5909
5892
5999
5903
5958
5957
6081
6131
6100
6122
6190
6197
6507
6320
6436
6397
6431
6513
6586
6582
6614
6645
6549
6639
6800
6721
6770
6775
6827
6925
6916
6807
6704
6873
6769
6988
6880
6997
6953
6750
6745
6962
6987
6943
6915
7135
7119
7093
7101
7272
7102
7141
7094
7064
7113
6955
7020
7091
7076
7110
7272
7290
7206
7720
7276
6963
6959
7142
7131
6971
7028
6993
6863
6781
6850
6876
6979
6918
6826
6916
6798
6799
6907
6295
6169
6500
7096
6154
6101
5977
6052
5940
5943
5990
5988
5888
5912
5906
5931
5923
5894
5940
5999
5851
5873
5840
5893
5858
5839
5860
5887
5811
5818
5687
5754
5855
5470
4665
4582
4350
4358
3946
3255
3213
3204
2397
1841
360

