809
822
810
871
1142
1139
1091
1189
1403
1416
1411
1460
1736
1779
1724
1712
1944
2061
2046
2209
2301
2292
2116
2292
2266
2318
2171
2341
2369
2383
2273
2452
2390
2450
2431
2624
2657
2648
2633
2838
2871
2875
2889
3078
3131
3150
3177
3250
3294
3287
3265
3464
3469
3454
3530
3665
3555
3673
3653
3764
3755
3755
3801
3775
3735
3751
3809
3934
3948
3960
4040
4212
4165
4181
4240
4406
4451
4465
4425
4573
4604
4474
4488
4595
4597
4585
4531
4670
4710
4725
4758
4849
4826
4802
4782
4910
4849
4837
4759
4908
4950
4975
4946
5101
5108
5137
5151
5307
5285
5306
5350
5489
5412
5468
5489
5637
5626
5673
5587
5702
5692
5728
5811
5840
5879
6018
6026
6059
6109
6066
6122
6119
6191
6253
6338
6389
6347
6269
6344
6314
6318
6678
6401
6432
6520
6605
6581
6628
6686
6774
6775
6864
6944
6985
6984
7122
7215
7210
7049
7160
7197
7067
7012
7154
6722
6740
6635
6652
6727
6693
6677
6790
6761
6773
6784
6851
6895
6597
6380
6472
6516
6456
6474
6595
6669
6619
6608
6668
6645
6554
6535
6720
6691
6704
6678
6760
6809
6530
6739
6723
6634
6640
6612
6768
6724
6690
6611
6780
6474
6461
6377
6374
6434
6425
6418
6443
6289
6338
6291
6392
6406
6366
5944
5995
5858
5945
5587
5608
5307
5123
4937
4934
4456
4537
4393
4262
4007
4040
3975
4140
4176
4093
2731
2945
2492
1901
1909
2015
1224
240

