3060
2979
2976
3109
3062
3148
3420
3370
5656
5701
5660
5679
5769
5623
5864
5822
7729
7826
7722
8007
8046
7944
7970
8065
9716
9832
9848
9766
9915
9977
10007
10082
11504
11530
11552
11466
11691
11755
11835
11833
13493
13555
13455
13490
13575
13858
13957
13965
15375
15413
15423
15523
15604
15683
15768
15795
17304
17338
17474
17492
17958
18257
18285
18312
19160
19230
19271
19345
19922
20193
20339
20295
20961
21081
21001
20982
21767
21770
21956
21986
22292
22457
22344
22447
23227
23677
23681
23876
24208
24260
24373
24466
25231
25693
25732
25914
26180
26210
26223
26337
27288
27686
27772
27785
28043
28078
28173
28226
29374
29696
29722
29849
30037
30111
30076
30275
31428
31607
31730
31812
31805
31893
32031
32156
33329
33615
33603
33676
33762
33812
33919
34216
35597
35848
35839
35753
35760
35878
35953
36066
37615
37627
37741
37645
37743
37738
37760
37898
39388
39417
39462
39360
39486
39518
39500
39669
41214
41330
41385
41374
41455
41482
41530
41619
43121
43125
43068
42781
42865
42796
43012
42965
44308
44505
44512
44657
44580
44692
44870
44944
46184
46330
46309
46572
46598
46625
46782
46834
47790
47875
47919
48260
48353
48479
48735
48916
50141
50094
50238
50269
50336
50619
50645
50655
51508
51639
51498
51616
51791
51854
51995
52094
53233
53064
52751
53135
53186
53253
53476
53589
54396
54442
54557
54878
54718
54869
55000
55269
55817
55641
55849
56146
56106
56310
56399
56487
57258
57274
56922
56371
56154
55904
56285
55478
55651
55462
54639
50726
49820
54541

