1016
1071
1157
1135
1115
1199
1332
1466
1377
1449
1466
1508
1638
1634
1574
1694
1723
1756
1826
2068
2099
1940
2051
2124
2143
2041
2105
2367
2262
2205
2390
2245
2432
2377
2389
2413
2346
2429
2491
2326
2357
2565
2620
2488
2656
2776
2665
2649
2872
3088
2423
2521
3156
2799
2883
2789
2826
2899
2997
3412
3080
3264
3167
3437
3447
3277
3323
3228
3291
3390
3677
3609
3634
3660
3672
3887
3770
3871
3920
3977
3803
4089
3916
3979
4386
4220
4119
4321
4034
4225
4048
4773
4156
4308
4307
4314
4229
4077
4146
4731
4437
4438
4259
4311
4432
4585
4584
4466
4544
4606
4659
4667
4532
4682
4762
4889
4898
4899
4908
4908
5797
5028
5074
4972
5185
5014
5058
5204
5033
5119
5261
5200
5397
5292
5304
5419
5531
5353
5188
5436
5289
5324
5357
5271
5310
5405
5556
5394
5413
5435
5569
5574
5520
5570
5591
5678
5770
5601
5655
5697
5704
5389
5196
6215
5489
5488
5766
5616
5558
5565
5688
5702
5732
5559
5840
5916
6019
5838
6002
5799
5950
5898
5949
5951
5767
5803
6002
6130
5722
5942
5769
6784
6228
5903
5952
6096
6197
6063
6378
6391
5982
5649
6276
6128
5745
5757
5374
6072
5715
5889
5766
5531
5700
5757
5362
5602
5839
5669
5606
6383
5659
5632
5644
5674
5472
5561
5265
5315
5302
5284
4711
4718
5217
5049
4988
4118
4341
4362
4364
3763
4215
3784
3816
3203
5193
2630
1713
3727
2642
1638

