870
995
1190
1099
1005
1241
1323
1182
1316
1357
1463
1416
1317
1401
1325
1374
1450
1500
1476
1433
1383
1437
1426
1374
1479
1669
1522
1533
1719
1780
1705
1558
1849
1651
1728
1767
1714
1720
1822
1844
1872
1901
2010
2012
1861
2144
1935
1985
2001
2045
1999
1990
2104
2046
1974
1966
2001
2108
2114
2181
2233
2119
2189
2194
2259
2344
2410
2388
2396
2496
2398
2467
2434
2576
2525
2525
2582
2631
2722
2592
2622
2748
2755
2874
2928
2875
2996
3023
2994
3108
3121
3230
3247
3214
3317
3278
3351
3250
3366
3317
3385
3433
3475
3527
3519
3575
3625
3697
3756
3776
3710
3795
3854
3911
3974
3965
4056
4111
4059
4108
4100
4216
4171
4245
4293
4321
4369
4293
4347
4353
4398
4370
4424
4290
4211
4236
4082
4227
4170
4162
4238
4183
4280
4338
4348
4385
4364
4423
4518
4608
4626
4664
4336
4125
4472
4082
4093
4086
4186
4175
4203
4252
4268
4296
4395
4375
4486
4551
4603
4472
4555
4596
4664
4786
4811
4920
4742
4785
4687
4658
4681
4734
4640
4723
4719
4763
4827
4872
4897
5033
5064
5157
5103
5088
5088
5168
5083
5242
5222
5248
5253
5228
5241
5298
5232
5112
4964
5054
5036
4947
4753
4365
4401
4481
4348
4073
4052
4054
4081
4148
4148
4163
4160
4288
4224
4267
4053
3947
3771
3816
3706
3413
3362
3390
3192
3225
3051
2935
2265
1537
1421
1069
842
442
405
256
239
243
245
237

