910
1047
1208
1152
1191
1306
1406
1547
1602
1641
1687
1690
1793
1821
1938
1944
1973
1995
2118
2043
2149
2140
2036
2153
2202
2298
2287
2418
2339
2494
2453
2528
2656
2682
2760
2663
2714
2699
2821
2773
2918
2900
2801
2890
3048
3139
2998
3138
3080
3232
3209
3465
3296
3254
3353
3440
3434
3581
3506
3541
3540
3573
3579
3688
3787
3856
3874
3777
3674
4067
3863
3893
3951
4003
3888
3873
3902
3867
3998
4076
4134
4097
4199
4196
4196
4231
4430
4294
4301
4398
4464
4510
4462
4527
4586
4642
4661
4776
4751
4806
4821
4851
4842
4796
4834
4947
5018
4928
5009
4944
5062
4986
5330
5100
5083
5148
5229
5331
5361
5374
5440
5482
5469
5439
5526
5606
5595
5660
5623
5623
5658
5885
5720
5743
5803
5841
5930
5937
5949
6066
5928
6005
6135
6116
6197
6179
6209
6207
6265
6321
6407
6436
6501
6415
6491
6415
6435
6488
6582
6596
6473
6484
6662
6513
6656
6469
6619
6625
6669
6688
6729
6799
6815
6822
6929
6799
6634
6668
6691
6667
6744
6935
7453
6852
6919
6969
6970
6776
6796
6921
6976
6831
6963
6969
6912
6943
7023
7213
7042
7096
7079
7199
6901
6974
6993
7116
6981
6979
7522
7109
7154
7067
7122
7134
7211
7040
7096
6934
6955
6807
6558
6586
6312
6442
6321
6210
6387
6258
6662
6294
6142
6211
6154
6219
6083
6001
5922
5877
4975
4944
4781
5698
4564
4717
3891
4191
3185
1921
226
265

