594
611
1039
1002
1302
1324
1628
1661
1986
2009
2239
2252
2460
2471
2701
2730
2912
2982
3187
3202
3415
3383
3627
3629
3931
3943
4215
4147
4354
4360
4478
4562
4731
4747
4987
5000
5237
5247
5370
5342
5582
5465
5704
5676
5925
5931
6149
6097
6333
6215
6454
6455
6636
6650
6825
6778
6924
7002
7133
7138
7320
7300
7479
7505
7601
7694
7790
7819
8005
7977
8186
8203
8375
8336
8572
8572
8714
8597
8803
8840
8986
9021
9240
9243
9355
9319
9529
9546
9638
9605
9748
9764
9896
9825
10024
10072
10239
10303
10357
10432
10465
10377
10521
10582
10730
10749
10917
10942
11111
11166
11044
11119
11215
11264
11381
11477
11626
11689
11835
11835
11976
12028
12113
12184
12332
12404
12522
12541
12657
12723
12695
12769
12875
12885
12998
13067
13184
13288
13361
13468
13472
13575
13672
13761
13855
13944
14037
14086
14186
14233
14365
14453
14545
14654
14673
14746
14780
14793
14921
14808
14918
14862
14995
15062
15124
15222
15213
15306
15435
15503
15607
15708
15821
15882
15862
15881
15829
15700
15659
15657
15637
15712
15565
15562
15647
15672
15745
15563
15382
15202
15250
15306
15074
15168
15253
15345
15360
15298
15389
15221
15231
15263
15328
15324
14997
14988
15048
15110
15232
15200
15292
15343
15315
15301
15204
15237
15167
15280
15233
15230
15299
15416
15418
15539
15505
15350
15453
15496
15555
15663
15597
15614
15660
15208
15264
15341
15366
15255
15233
15333
15140
14819
14840
14797
14590
14706
14479
13515
12091
12203

