800
805
808
770
611
615
612
483
537
557
560
521
400
420
432
402
339
358
390
373
331
318
311
313
320
307
313
314
339
308
325
317
324
326
322
320
345
319
309
319
340
318
332
343
315
319
352
337
305
309
338
327
296
300
337
326
310
316
330
302
303
314
301
294
303
319
320
327
322
316
308
306
311
317
312
299
322
308
290
313
304
313
310
315
311
316
313
298
309
330
323
305
318
313
313
326
312
315
322
320
320
317
312
317
304
312
341
326
334
322
316
311
310
332
319
300
309
303
312
308
307
320
310
273
276
271
284
295
295
304
313
312
308
310
294
319
321
308
318
302
287
287
274
281
317
304
300
315
319
304
295
319
305
284
277
311
318
282
282
294
277
313
285
312
279
285
289
323
305
310
323
302
311
313
319
316
306
308
306
308
307
307
325
298
305
313
302
320
321
318
299
307
282
275
306
314
292
293
317
321
304
325
320
317
305
322
327
317
307
314
330
304
285
317
299
292
293
283
296
278
285
302
316
305
310
294
311
310
307
324
304
306
316
295
283
301
322
286
295
305
301
290
300
312
316
301
317
263
256
232

