3056
2978
2976
3108
3033
3147
3419
3369
2796
2884
2812
2798
2876
2563
2936
2705
2418
2479
2405
2617
2608
2549
2570
2690
2356
2390
2405
2252
2233
2318
2340
2408
2001
2022
2054
2023
2085
2022
2042
2024
2191
2239
2294
2120
2424
2315
2531
2390
2161
2174
2125
2148
2172
2048
2050
2085
2143
2180
2168
2274
2570
2692
2606
2720
2056
2138
2022
2103
2257
2269
2419
2285
2041
2137
2128
2116
2271
2153
2351
2257
2076
2147
2001
2128
2102
2255
2272
2386
2132
2166
2209
2326
2249
2187
2215
2202
2092
2126
1998
2029
2283
2207
2269
2151
2217
2236
2293
2181
2309
2133
2243
2206
2070
2146
2079
2184
2183
2146
2249
2256
2010
2059
2135
2179
2255
2302
2219
2169
2171
2309
2200
2269
2422
2360
2327
2184
2239
2390
2274
2086
2404
2104
2258
2181
2287
2084
2254
2163
2091
2181
2152
2050
2197
2207
2217
2203
2172
2289
2216
2250
2287
2346
2277
2198
2085
2162
2107
2058
2155
2056
2320
2290
2013
2068
2068
2190
2162
2095
2137
2239
2153
2097
2089
2321
2281
2248
2250
2371
2246
2153
2209
2216
2282
2315
2309
2543
2574
2458
2567
2545
2519
2682
2590
2407
2362
2376
2223
2128
2279
2145
2194
2224
2121
2177
2219
2316
2289
2161
2244
2276
2070
2154
2180
2142
2139
2195
2105
2248
2095
2096
2155
2165
2115
2199
2227
2159
2111
2273
2109
2211
2275
2063
2352
2151
1958
1880
1906
1670
1661
1823

