1580
1593
1306
1487
1385
1191
1232
1270
1335
1410
1303
1254
1271
1284
1380
1433
1409
1504
1399
1342
1350
1335
1202
1209
1141
1147
1182
1174
1137
1144
1098
1108
1158
1137
1224
1171
1109
1158
1200
1237
1242
1204
1164
1157
1115
1077
1138
1135
1190
1161
1181
1230
1181
1253
1175
1157
1122
1144
1135
1128
1141
1119
1128
1135
1217
1303
1225
1227
1209
1280
1257
1286
1115
1147
1147
1121
1108
1110
1094
1111
1118
1154
1177
1135
1223
1239
1290
1325
1163
1156
1227
1236
1216
1155
1315
1268
1199
1194
1213
1214
1303
1367
1211
1276
1232
1269
1297
1324
1297
1205
1270
1301
1318
1359
1291
1205
1320
1369
1368
1372
1463
1345
1193
1175
1185
1303
1305
1285
1289
1302
1234
1285
1170
1228
1336
1325
1233
1204
1179
1241
1247
1250
1237
1291
1291
1231
1326
1294
1203
1134
1251
1217
1294
1295
1152
1134
1232
1271
1223
1288
1211
1287
1204
1201
1233
1370
1198
1188
1231
1285
1209
1251
1349
1276
1336
1458
1398
1223
1315
1308
1224
1209
1265
1335
1271
1243
1175
1169
1182
1245
1133
1136
1116
1289
1228
1133
1122
1174
1095
1135
1121
1136
1173
1221
1126
1132
1188
1120
1179
1111
1247
1191
1170
1111
1192
1128
1156
1199
1270
1108
1146
1105
1166
1243
1170
1144
1174
1211
1202
1189
1159
1169
1126
1156
1205
1151
1296
1218
1165
1160
1176
1165
1265
1150
1166
1133
1277
1326
1209
1285

