2227
2238
2238
2245
1688
1709
1726
1720
1720
1724
1779
1966
1785
1765
1811
1900
1726
1752
1746
1646
1855
1839
1843
1849
1614
1680
1789
1765
1629
1701
1546
1617
1538
1469
1538
1528
1527
1524
1529
1563
1543
1569
1524
1692
1613
1544
1561
1510
1461
1505
1517
1573
1586
1631
1580
1600
1561
1626
1659
1535
1549
1570
1485
1521
1480
1469
1567
1679
1525
1584
1522
1617
1406
1629
1527
1513
1513
1460
1546
1665
1553
1610
1592
1731
1698
1637
1693
1676
1598
1596
1579
1717
1606
1578
1631
1578
1459
1589
1580
1589
1557
1555
1468
1507
1485
1635
1556
1546
1470
1494
1513
1543
1478
1638
1500
1494
1562
1521
1460
1573
1475
1501
1513
1572
1517
1496
1599
1527
1555
1501
1570
1630
1686
1568
1660
1632
1507
1397
1567
1560
1516
1480
1587
1628
1564
1726
1625
1578
1626
1556
1772
1628
1533
1610
1620
1572
1530
1561
1515
1462
1513
1541
1562
1517
1524
1491
1576
1510
1437
1473
1535
1578
1514
1544
1572
1503
1534
1496
1636
1531
1572
1540
1500
1538
1557
1542
1645
1460
1574
1511
1732
1552
1523
1565
1603
1527
1536
1578
1491
1586
1612
1658
1663
1593
1569
1480
1535
1524
1482
1516
1513
1397
1510
1480
1479
1541
1474
1520
1459
1421
1423
1493
1556
1498
1489
1411
1394
1507
1433
1411
1503
1398
1526
1450
1548
1519
1562
1512
1446
1474
1483
1537
1479
1563
1443
1500
1512
1472
1463
1428

