1234
1457
1554
1493
1513
1586
1374
1641
1473
1497
1718
1443
1280
1349
1362
1176
1465
1129
1225
1067
1152
1058
1140
1161
1144
1120
1071
974
1293
1085
1172
1173
1318
1068
1026
1049
1014
1065
974
1087
1080
1229
1047
1110
1003
1165
1226
1271
975
974
1231
1286
1150
990
1081
938
1259
975
1221
1221
1129
1119
1117
1103
997
1109
1005
1074
1102
1039
962
1196
1054
1240
1221
1184
1019
900
1221
870
1214
1109
1273
1063
829
1482
1400
861
1420
1081
940
1299
1347
1442
991
1288
1091
1057
989
1167
1053
923
1175
1046
1092
1104
1005
1022
961
967
1000
1043
1100
862
1112
887
931
763
840
1120
1125
1171
806
875
1099
1069
1194
869
1124
936
949
945
1049
1080
947
930
1001
1053
1111
1126
1128
1144
1081
1153
924
965
1009
1019
1026
1219
930
954
990
1069
1066
1056
1035
1024
1053
1005
1078
1066
1145
1073
1124
991
1051
1080
1134
1006
1069
1043
1108
1126
999
986
991
1021
1055
1121
1068
971
1168
966
1111
1062
1113
1098
1083
860
976
996
1096
1189
959
1050
1120
1031
1060
1081
1084
1056
1155
1082
1060
1001
1012
1020
1016
1060
1000
1132
988
1153
940
1172
957
892
1002
1151
1010
1205
980
989
964
883
1050
956
1168
1022
975
1009
870
950
864
772
1034
1258
697
1070
761
917
701
860
726
709
247
244
230
240

