490
495
507
543
380
455
392
407
395
370
398
382
367
364
358
353
355
344
333
348
243
333
342
346
348
247
357
333
321
305
291
269
239
263
277
394
234
242
403
241
251
262
243
242
232
231
246
265
265
255
230
250
215
215
227
227
234
250
256
274
248
270
245
247
234
267
252
374
242
243
249
242
254
252
283
233
240
252
238
266
261
249
245
315
248
246
251
504
257
269
248
263
274
271
254
426
278
257
236
287
262
234
248
265
265
251
235
243
282
240
243
240
266
278
248
255
238
232
257
266
252
255
258
256
305
293
270
248
247
277
263
318
238
305
252
243
296
264
249
253
245
262
239
252
287
275
274
290
267
250
262
266
306
307
291
318
312
268
289
302
292
288
249
246
228
228
275
272
316
337
280
283
252
371
243
249
242
246
243
239
241
238
237
240
237
229
262
424
256
251
231
242
266
250
232
399
231
222
229
282
306
261
244
252
263
245
242
251
291
257
355
255
256
457
244
240
218
219
242
242
278
283
255
251
235
238
267
276
302
335
264
263
261
248
254
263
251
248
257
266
229
244
264
232
252
317
274
276
260
239

