579
598
502
492
426
455
354
329
357
349
310
307
296
292
323
336
247
291
237
239
300
300
372
374
322
313
285
281
259
259
254
250
257
257
258
256
254
252
253
252
254
251
247
245
261
255
247
248
240
239
237
237
243
246
239
234
271
282
258
253
257
253
225
223
231
232
240
243
232
232
246
254
240
247
241
240
259
279
244
258
238
236
258
257
249
246
253
257
242
245
254
258
262
264
262
261
248
263
260
257
263
255
248
244
238
244
252
253
248
247
242
247
246
245
249
253
251
246
244
249
245
238
243
242
247
252
239
248
247
242
248
242
238
245
244
239
245
247
252
259
244
241
241
236
240
240
237
242
247
241
246
250
249
250
245
237
243
244
236
244
248
237
243
245
245
245
242
249
249
243
245
242
243
252
244
238
244
244
247
253
243
242
246
243
240
242
244
238
243
246
245
251
247
241
245
256
256
251
248
241
247
259
256
241
246
240
245
246
240
244
244
235
242
246
245
253
243
236
237
244
245
240
245
246
237
245
243
237
247
248
242
245
242
236
246
247
247
249
259
250
248
247
235
237
244
235
235
246
248
231

