907
1044
1208
1062
1026
1305
1125
900
1455
646
660
530
704
734
1154
571
593
583
591
579
630
661
651
654
675
656
576
645
618
695
641
543
616
565
814
608
614
599
623
587
566
567
483
494
735
842
496
545
522
498
465
1072
491
485
796
535
528
506
494
535
541
539
536
527
503
483
551
510
507
867
593
543
502
511
511
532
504
507
702
545
516
505
532
531
535
507
748
554
508
532
609
547
502
565
534
543
550
546
519
571
604
559
559
510
527
544
595
501
510
507
537
514
804
531
526
523
549
528
560
537
612
549
562
526
537
522
536
574
513
516
531
821
536
523
510
531
556
545
520
570
539
538
576
578
529
544
549
502
518
546
521
546
539
490
531
526
553
515
552
541
490
502
602
515
551
537
555
521
519
542
503
502
523
497
497
509
522
525
515
508
519
955
554
497
548
595
561
544
554
519
548
506
520
527
498
514
527
563
494
512
536
506
526
497
474
485
526
493
937
525
537
512
527
482
546
551
544
540
516
523
473
495
491
556
527
514
645
466
777
524
531
513
472
497
511
494
566
550
475
503
486
819
462
499
416
439
380
421
225
264

