4873
5100
5211
5722
5912
5749
6099
5971
5712
5728
5883
6016
6023
5872
5850
6233
4905
5878
5608
4876
4959
5620
5047
5103
5122
5308
5541
5299
5276
4693
5175
5190
4237
4411
4497
4804
4719
4956
4559
4753
4662
4450
4447
4512
4702
4518
4663
4568
4011
4678
4139
4947
4428
4949
4248
4774
4420
4687
4888
4597
4678
4623
4809
5266
4603
4919
4270
4592
4971
5013
4637
4968
4741
4620
4742
4630
4715
4809
4930
5179
4421
4794
4636
5090
5003
4629
4518
4346
4325
4554
4622
4699
4633
4544
4682
4699
4619
4253
4260
4618
4577
4366
4702
4401
4612
4369
4956
4468
4808
4345
4816
4744
4556
4605
4557
4643
4591
4682
4515
4440
4435
4451
4606
4567
4696
4563
4713
4348
4641
4317
4834
4707
4596
4184
4758
4629
4691
4670
4353
4877
4779
4855
4512
4281
4294
4646
4522
4577
4439
4675
4363
4671
4684
4385
4464
4679
4473
4663
4786
4637
3890
4183
4172
4138
4188
5583
5368
5647
3876
4805
5410
5463
4252
5429
5197
5390
4140
3902
4361
4332
4679
4663
4576
4368
4388
4660
4413
4846
4720
4837
4579
4961
4496
4810
4550
4870
4557
4529
4622
4842
4408
5063
4862
5051
5172
4930
5031
4207
5323
4357
4216
4422
4402
4379
4614
4576
4801
4654
4936
4553
4523
4521
4199
4758
4713
4781
4532
4506
4602
4075
4521
4322
4960
5051
4933
5016
5052
4917
4669
4493
4467
4277
3873
3710
3892
3447
3090
3276
2455
2294

