866
994
1166
1024
987
1159
1227
1047
935
755
715
677
593
665
624
591
593
596
580
591
612
618
663
637
597
551
567
515
663
634
583
508
645
567
604
657
556
530
593
606
578
563
618
622
613
623
579
578
539
566
535
549
533
540
561
540
581
560
538
532
547
553
549
521
516
538
561
557
516
553
531
549
524
526
518
551
536
552
534
551
556
542
536
550
538
525
547
513
558
516
530
526
528
540
533
522
557
532
548
530
535
543
523
538
530
534
560
540
563
580
494
571
590
542
596
513
542
546
559
590
522
595
519
584
551
524
574
524
527
550
574
524
555
530
540
558
538
513
506
514
525
528
521
585
598
494
511
588
539
608
566
561
554
548
540
632
538
524
545
567
540
530
531
551
586
523
546
551
569
526
502
577
518
626
549
589
534
584
564
580
521
567
527
531
524
527
520
531
532
506
550
558
560
558
531
537
518
532
530
521
523
529
518
522
537
519
519
545
537
540
530
532
541
528
521
527
518
538
528
543
541
506
540
533
545
531
542
534
539
522
524
539
526
507
528
522
516
537
541
489
498
478
464
422
401
255
237
240
243
237

