1015
1069
1155
1086
1082
1176
1277
1332
1360
1417
1390
1361
1470
1447
1501
1510
1327
1329
1314
1327
1326
1191
1364
1320
1279
1155
1175
1444
1378
1129
1362
1312
1367
1231
1002
1326
1051
1180
1263
1106
1021
1136
1242
1146
1074
1169
1034
1023
1254
1602
923
974
1493
1158
1266
1004
987
1035
1233
1799
1000
1080
943
1375
1221
1157
1000
962
1063
967
1562
1150
1352
1122
1041
1251
1079
907
1205
1167
1005
1204
994
955
1470
1111
1029
1079
999
1297
898
1879
1103
1056
1113
1058
1047
1060
1066
1789
1117
1130
1023
811
931
1154
1083
1051
980
1048
1102
1008
981
1197
1160
1046
1055
1045
2141
994
1148
1027
1071
938
1105
1039
970
1108
1065
1004
1064
1055
1074
956
1157
1086
1083
1098
982
1138
1107
1054
1132
1055
988
1169
1090
921
1031
1043
967
1089
1015
1046
1024
1013
1070
920
1125
1054
929
1004
833
1606
1084
930
1223
1189
969
1045
881
843
1053
856
1271
1148
1116
868
1023
929
1085
962
1220
890
867
915
1218
1201
948
1143
1074
1787
1291
933
1143
975
1189
942
1101
1063
1018
974
1137
1174
1065
1087
899
1186
1134
1226
1127
1020
1006
1168
978
1014
1132
1132
1164
1762
1126
1036
1104
1142
1046
1109
1109
1040
1000
952
972
973
1087
1123
1065
929
1018
1050
1069
905
1072
986
844
740
1327
642
723
838
733
746

