737
808
808
456
448
449
1395
428
497
462
421
392
388
462
365
347
346
345
300
303
312
540
269
552
298
342
319
303
336
311
345
308
335
301
300
300
306
283
284
301
307
267
267
306
251
247
247
283
250
257
293
283
277
301
518
275
302
298
361
303
294
291
299
293
297
293
308
281
303
304
335
278
295
296
302
306
305
297
306
292
325
293
296
288
294
297
327
284
326
282
326
290
278
304
259
268
310
273
283
343
275
392
280
289
263
271
283
689
286
304
337
319
369
323
302
297
287
265
293
310
299
325
259
258
301
337
253
253
273
274
282
313
288
296
675
310
310
298
309
314
282
288
305
278
287
295
385
297
289
253
259
386
300
264
282
293
297
363
343
304
303
291
303
309
301
311
315
321
300
289
320
285
273
241
240
239
239
247
263
252
265
284
286
298
284
727
306
284
272
306
263
263
301
287
255
260
305
255
264
310
295
267
269
279
295
257
254
438
498
274
277
276
404
298
311
298
294
311
291
311
296
288
312
303
312
289
297
293
288
315
328
304
307
319
315
311
317
419
286
297
315
281
331
311
293
307
283
289
283
231

