1701
1700
1709
1685
1825
1804
1791
1802
1759
1792
1692
1883
1913
1759
0
1764
1821
1699
1627
1727
1702
1675
1793
1673
1785
1750
1693
1710
1688
1766
0
1788
1758
1759
1728
1768
1690
1700
1720
1749
1740
1778
1784
1778
1686
1700
1858
1911
1626
1
1767
1735
1723
1756
0
1816
1792
1710
1775
1889
1750
1742
1727
1759
1701
1754
1719
1862
1755
1776
1757
1723
1878
1966
1781
1751
1721
1692
1798
1792
1798
1866
1823
0
1872
1755
1745
1661
1817
1740
1766
1834
1766
1745
1750
0
0
1696
1802
1786
1770
1718
1786
1757
1750
1749
1734
1835
1782
1780
1817
1682
1771
1754
1769
0
1781
1828
1754
1859
0
1777
1754
1729
1679
1844
0
1704
1845
1817
1723
1843
1700
1746
1729
1741
0
1869
1717
1757
1697
1668
1859
1728
1707
1763
1770
1873
1759
1750
1789
1705
1678
1692
1686
1738
1731
1783
1718
0
1811
1814
1828
1792
1823
1692
1816
0
0
1722
1821
1820
1787
0
1902
1746
1761
1791
1764
1707
0
0
1672
1838
1705
1716
1676
1778
1848
1750
1762
1965
1867
1720
1722
1766
1758
1781
1712
1731
1846
1809
1737
1788
1824
1842
1689
1693
1682
1679
1759
1749
1922
1747
1776
1826
1752
1688
1801
1719
1775
1753
1832
1876
0
1834
1877
1885
1921
0
1755
1790
1875
1720
1758
1803
0
1792
1742
1885
1751
1736
1713
1675
1407
1539
1380
1477
1393
1313

