2005
2040
2056
2067
2156
2163
2164
2208
1997
1997
1886
2003
1916
1888
2048
2010
1907
1879
1914
1914
1957
1942
2048
2145
1943
1929
1921
1968
2086
2081
2023
2018
1923
2085
2001
1908
2054
1956
1975
0
1871
1914
1966
2028
1912
2066
1951
2087
1898
1807
1882
1974
1955
2062
1918
2002
2015
1946
1871
2028
2013
1940
2108
2189
2046
1920
1907
1947
2011
1988
1960
2014
2025
1882
1918
1925
2022
1893
2104
2117
0
2209
1944
2186
1964
1986
2034
1993
2027
1976
2097
1924
2023
1936
2085
2087
2004
1987
2095
2053
2153
2026
1984
1
2199
2021
2114
1945
1915
1915
1912
1945
1960
2032
1939
1975
1955
2054
1957
1923
0
1851
1837
1851
1950
1980
1935
2061
1935
1974
2061
2068
1940
1897
2062
1922
0
1949
1873
1888
1926
2058
1837
1915
0
1984
1967
2018
2069
1839
1956
1969
1922
0
1904
0
2023
1970
0
1963
1920
1927
1969
1984
1985
0
2018
2039
1970
1907
1891
2009
1970
1865
2025
2017
2031
2061
1969
1879
1897
1919
1975
1860
1833
1898
2014
1992
2179
1966
1947
0
2104
1928
2115
1906
1917
1877
1970
1972
1914
0
2038
2064
1896
1960
0
2112
1966
1861
0
1957
2022
2050
1888
1809
1916
1851
1884
1979
1862
1977
2003
1996
1920
2145
1960
2026
2055
2005
1976
1826
1911
1867
1984
2015
1898
1977
1844
1855
0
1942
1875
1924
1972
1939
1896
1345
1393
1332

