170
175
164
149
296
323
274
274
274
284
289
1
244
252
208
167
109
106
0
82
117
87
101
94
88
90
110
123
119
115
1
87
87
161
175
170
106
85
90
163
161
171
107
111
0
95
86
99
112
0
135
130
90
0
87
0
94
81
85
0
108
0
83
0
82
80
97
97
86
105
101
80
92
0
88
106
112
0
84
0
105
0
0
148
137
138
86
0
93
99
0
107
92
92
83
90
0
120
116
84
0
109
0
90
85
84
91
91
104
145
0
136
107
0
0
80
85
87
93
104
143
175
167
151
115
84
0
95
91
148
179
156
130
99
105
111
97
105
95
101
108
98
0
0
112
119
0
123
167
169
179
135
126
120
78
0
97
134
129
0
96
96
0
84
0
86
0
99
136
139
131
99
94
95
0
0
0
88
0
100
141
156
162
154
155
138
80
91
0
0
121
120
103
103
0
93
137
131
131
102
101
0
121
0
96
85
86
189
192
188
117
124
125
122
144
130
108
0
82
88
0
86
80
0
92
79
91
0
83
94
105
103
91
0
0
82
0
0
94
81
80
84
80
101
104
93
95
82
83
0

