958
1065
1091
0
1100
1143
1174
1124
1333
1497
1632
1676
1760
1721
1861
1869
1802
1921
1806
1992
1758
0
1889
1744
1856
1769
1820
1849
1838
1913
1924
1965
1865
1894
1809
1823
1816
1916
1913
1892
0
1961
1885
1895
1876
1882
1775
1851
1773
0
1897
1920
0
1897
1948
1893
1790
1874
1943
1922
1946
1865
1938
1859
0
0
1855
1889
1956
1834
1952
0
1914
1826
1747
1928
1762
1866
1891
1918
1825
1914
1891
1989
1888
1940
1932
2122
2089
0
2205
1980
0
2098
2009
2044
2201
2022
0
1965
1945
1990
1990
2084
2132
0
2111
2163
2077
2065
2200
2046
2142
2117
2051
2097
2255
2015
2161
2153
2130
2020
2184
2042
2050
2069
2091
2016
2119
2003
2200
0
2117
2132
2156
2075
2142
2139
2089
0
2067
2035
2094
2082
2098
2110
2056
2276
2073
2058
2147
2142
2049
2109
2035
2036
0
2184
2117
2069
2099
0
2100
2176
2127
0
2002
2091
2162
2115
2083
1959
2025
2072
2132
0
2111
0
2055
2196
2123
2092
2159
0
2293
0
2103
2139
2133
2082
2076
2030
2005
2248
0
2029
2080
2019
2072
2015
2098
2146
1974
2042
2109
0
2068
0
2101
2071
2137
2030
2119
0
2130
0
2077
2149
2090
2115
2084
2224
2098
2013
2111
2015
1944
1983
1899
1905
1794
1685
0
990
977
1000
1057
1037
0
1092
1068
987
983
0
951
1007
999
1030
953
952

