53
56
62
52
92
78
46
71
62
65
68
49
47
63
48
61
59
0
48
0
52
50
37
0
102
50
55
96
96
79
108
68
233
54
205
55
38
67
86
92
52
83
61
0
48
55
63
47
0
53
109
61
86
45
65
78
79
48
52
56
0
50
49
49
58
60
49
192
46
95
98
0
49
56
52
56
50
146
92
99
61
45
54
67
39
55
83
78
75
80
256
110
112
109
209
1
142
120
156
87
170
54
0
71
86
77
98
77
85
231
53
46
49
41
83
66
75
79
52
233
46
54
71
44
61
59
55
86
0
131
89
76
0
109
56
0
96
114
126
188
113
122
112
263
63
83
87
57
62
57
0
122
63
79
53
48
62
51
58
62
75
75
88
210
68
59
54
211
54
58
81
0
0
56
41
49
68
61
68
67
82
65
50
66
47
45
62
185
0
65
73
51
46
70
92
63
199
62
0
66
60
59
59
63
74
58
0
47
66
99
70
47
54
81
56
50
56
65
108
50
70
53
47
0
62
68
65
60
0
89
57
55
59
50
0
0
0
49
51
1
49
46
48
202

