354
357
371
370
373
342
342
330
171
176
167
167
150
155
172
180
178
170
125
128
144
110
113
0
99
169
180
181
163
167
165
167
132
99
107
95
89
85
79
124
132
0
108
108
127
128
123
0
0
113
100
80
0
81
106
106
124
131
105
87
119
120
97
0
86
121
117
84
0
91
98
104
98
0
79
106
81
113
123
129
125
108
97
84
0
99
99
0
83
83
82
92
113
113
0
97
109
110
98
117
117
101
83
0
95
98
83
93
0
94
79
1
0
102
81
92
81
96
101
0
0
84
82
0
119
82
88
83
0
82
97
94
82
103
83
0
104
108
90
100
100
128
131
97
0
0
95
113
101
0
85
86
89
0
96
0
91
95
100
80
82
0
0
0
80
79
0
103
105
102
89
82
115
117
0
134
118
118
85
0
80
0
81
103
104
108
104
82
88
80
84
80
0
105
0
136
138
137
0
0
124
117
106
0
112
107
83
0
96
107
114
160
169
168
159
89
0
102
103
0
0
0
82
90
98
94
0
85
0
0
79
0
88
0
103
0
84
89
86
0
82
81
0
82
83
96
97
98
82
0

