174
187
187
130
1
203
93
89
92
167
176
187
150
0
82
91
91
94
109
105
96
93
85
87
110
110
102
95
107
145
141
141
0
86
99
0
118
126
121
117
94
80
114
116
89
101
0
0
0
212
212
220
238
239
180
163
176
157
142
0
80
101
104
115
150
154
135
0
80
113
98
97
93
96
102
0
90
191
288
283
275
252
224
1
81
93
107
106
107
84
91
82
85
107
0
0
89
0
90
0
108
103
88
0
88
95
108
84
88
96
84
85
0
91
0
93
115
84
106
107
0
0
0
97
96
0
104
103
151
147
134
140
140
119
106
108
123
101
106
115
99
81
0
127
127
130
92
94
103
98
84
0
94
85
140
141
87
91
0
81
85
94
97
108
146
160
151
141
0
96
86
0
109
110
92
0
84
83
88
0
0
0
85
0
90
92
92
103
92
91
0
85
93
90
85
0
91
81
81
81
80
98
96
0
79
92
78
0
120
122
116
90
0
86
0
79
93
83
0
0
98
86
0
79
77
84
0
83
85
0
91
81
76
81
80
80
83
77
94
81
84
0
81
83
81
80
78
89
0
83

