0
0
0
0
125
134
140
0
136
131
0
0
84
0
86
88
82
0
76
0
0
71
76
76
0
76
73
81
81
98
93
0
75
0
76
72
75
76
74
76
88
0
76
0
75
75
71
70
72
0
72
71
80
0
70
0
72
70
0
70
84
85
79
71
90
0
92
0
74
75
0
73
77
79
87
96
91
92
72
72
0
69
0
77
80
82
83
0
93
98
89
0
72
0
0
75
74
77
73
75
71
0
73
71
0
75
0
75
82
77
77
73
74
75
78
73
72
0
76
74
82
75
0
78
83
81
74
0
71
0
0
81
72
78
0
69
73
0
74
0
81
0
82
72
0
74
72
84
81
80
0
74
70
76
77
79
0
77
104
105
105
108
111
108
0
0
74
74
73
71
81
81
76
0
0
79
80
72
75
76
0
77
72
0
73
74
77
0
76
0
74
76
79
79
0
71
0
83
79
0
77
73
0
0
72
71
0
80
75
82
0
0
72
79
78
78
0
69
74
0
73
0
72
79
77
77
70
0
0
74
0
71
74
77
78
72
74
0
0
76
74
77
72
76
92
88
80
0
74
76

