1670
1677
1709
1707
1741
1804
1809
1841
1710
1793
1837
1766
1834
1704
1695
1816
1749
1864
1815
1874
1969
1779
1851
2061
1758
1810
0
1733
1747
1806
1795
1846
1830
1809
1757
1803
1795
0
1821
1881
1845
1738
1763
1731
1853
1858
1910
1857
0
1862
1955
1707
1812
1889
1751
1746
1740
1749
1703
1745
1687
0
1889
1739
1817
1925
1859
1829
1778
1747
1871
1807
1931
1845
1893
0
1793
1741
1718
1757
1880
1809
1800
1888
1783
1765
1820
1878
0
0
1742
1812
1777
1673
1832
1869
1826
1853
1830
1849
1833
1926
1950
1759
1814
1927
2002
1993
1865
1837
1906
1902
1745
1802
1783
0
0
1740
0
1753
1608
1670
1747
1762
1788
1824
1922
1764
1837
1883
1628
1719
1725
1761
1802
1764
1697
1809
1746
1758
1750
1758
1642
0
1784
1841
1778
1757
1796
1808
0
1778
1725
1783
1804
0
1717
1691
1788
1803
1767
1739
1818
1846
1906
1719
1795
1796
1712
1820
1800
1728
1799
1817
1879
1726
0
1764
1782
1834
1746
0
1751
1746
0
1849
1719
1838
1754
0
1734
1796
1722
1765
1758
1706
1729
1818
1865
1782
1795
1783
1792
1767
1860
1839
1811
0
1787
0
1744
1728
1831
1743
1772
1781
1881
1801
1948
1895
1680
1683
0
1734
1713
1760
1938
1825
1797
1762
1755
1776
1886
1898
1833
1715
1849
1754
1743
1983
1732
1821
1808
1874
1758
1601
1493
1376
1447
1325

