109
91
129
112
122
195
189
191
199
199
194
109
426
110
94
125
233
98
104
151
145
124
109
109
94
100
395
121
117
172
109
122
135
666
142
508
153
126
155
124
150
184
156
157
150
141
120
158
144
122
144
141
149
173
150
321
155
150
137
108
133
130
115
128
115
88
69
69
75
0
0
0
102
59
233
225
0
128
127
127
0
131
0
136
158
106
132
137
146
150
131
305
116
141
324
145
180
160
0
0
179
176
177
134
167
167
154
155
135
128
128
137
157
140
331
172
110
0
165
109
0
117
363
0
139
0
166
138
171
0
163
246
166
0
184
172
382
162
164
226
162
194
172
165
204
170
0
0
0
171
181
151
208
167
168
150
138
0
143
146
172
139
143
170
154
356
142
170
168
157
208
198
160
0
189
164
0
129
140
178
142
145
170
177
190
132
136
177
161
152
115
98
106
124
92
63
85
0
42
50
0
60
104
64
63
73
63
56
0
55
55
181
70
46
77
48
85
46
44
45
0
56
49
0
0
58
60
51
0
51
39
0
51
95
59
96
46
157
53
0
35
59
44
45
43
55
46
49
0

