1369
1118
1351
1118
1403
1369
1234
1463
548
534
534
548
555
534
690
654
572
572
572
572
572
689
688
766
564
564
564
580
564
601
618
571
569
601
571
582
570
715
675
570
570
570
570
875
889
731
558
719
558
558
558
564
564
703
569
569
569
569
849
623
623
591
592
591
945
625
679
933
626
546
532
532
639
731
619
861
589
582
582
902
618
598
842
578
578
579
725
902
595
595
682
664
664
855
865
854
734
734
683
684
684
840
986
689
685
685
545
545
545
579
570
570
570
731
650
650
805
582
582
582
588
643
588
937
839
603
602
601
662
663
669
944
759
760
913
952
695
690
684
652
798
657
913
655
656
657
864
633
639
633
633
703
718
704
976
657
657
661
659
648
653
810
793
720
723
724
742
975
975
1024
1163
1027
1078
1139
1143
1044
1106
939
948
915
945
879
831
923
849
922
668
667
820
856
867
854
896
892
888
943
748
748
993
881
805
1100
882
727
719
827
777
802
665
565
565
795
569
565
888
563
571
563
778
563
563
572
707
636
641
637
639
636
636
686
613
613
613
613
613
613
914
1021
580
580
598
580
580
707
330
314
226
199
211
193

