132
131
90
224
229
295
308
293
216
307
209
161
147
134
81
0
82
77
82
72
84
77
70
77
71
98
80
79
71
86
87
87
105
117
115
109
77
70
90
78
72
69
75
70
70
95
95
69
71
70
78
70
0
89
74
75
81
89
97
83
71
91
70
0
82
85
0
71
80
0
75
93
0
82
79
83
84
73
0
73
0
69
0
96
0
71
77
0
76
75
0
85
88
0
112
115
76
81
75
79
76
79
94
0
0
75
75
82
75
100
103
104
104
104
71
0
70
0
79
81
75
75
0
94
0
0
69
74
74
0
77
75
0
1
126
129
128
71
81
78
77
79
71
0
0
88
85
73
72
74
75
85
84
0
0
1
81
0
69
68
69
71
74
73
0
76
0
81
72
73
87
86
76
70
92
91
68
96
97
0
0
70
106
109
103
86
0
78
82
0
0
0
90
0
95
92
0
77
79
0
84
72
70
81
80
75
70
75
92
94
70
77
75
74
69
69
81
0
68
70
0
0
72
72
77
73
1
70
68
0
78
1
0
81
79
76
84
83
70
0
73
83
74
72
69
0
72
76
71
76

