329
318
310
319
319
319
310
310
86
77
82
90
74
73
72
81
83
79
86
91
87
74
70
79
119
115
80
73
77
82
146
150
150
100
98
119
131
151
138
0
101
98
0
71
75
75
75
93
0
97
96
79
78
0
73
75
89
79
73
75
0
78
76
100
102
75
82
77
78
76
0
77
75
101
101
76
0
71
81
81
95
98
77
73
83
85
70
0
72
108
110
72
72
0
0
77
78
73
72
76
0
88
75
0
72
0
73
76
77
76
0
0
96
114
95
99
82
0
85
88
0
77
89
96
76
71
71
0
0
0
76
72
0
0
0
74
0
93
71
0
0
72
77
77
71
72
0
72
84
77
74
74
0
87
90
91
76
0
0
0
87
86
72
0
72
0
73
71
79
71
84
0
73
75
74
81
88
89
97
88
0
0
0
0
0
0
80
82
76
0
78
0
0
80
0
72
79
89
79
76
77
0
76
75
81
90
82
71
0
82
0
85
87
88
0
71
83
0
84
71
76
0
74
70
76
76
74
83
73
72
71
72
74
81
0
73
0
94
0
88
0
76
0
0
73
0
75
0
74
75

