66
61
99
50
75
41
59
64
176
275
192
195
116
269
57
57
57
92
57
58
250
115
70
113
114
66
57
67
78
62
45
63
74
79
83
112
117
231
65
59
186
52
58
60
65
50
106
73
106
101
58
48
0
50
42
42
71
52
61
68
54
95
125
190
93
358
81
69
65
61
57
50
86
102
78
84
81
97
316
0
54
53
62
73
261
64
259
66
68
49
47
55
109
75
78
49
64
58
53
76
77
46
62
61
125
145
138
281
75
79
77
76
228
90
61
50
51
58
57
263
67
76
63
271
53
0
0
49
64
0
49
63
73
63
79
0
72
114
64
43
51
47
0
55
50
0
57
59
53
0
62
67
54
41
104
51
44
44
55
79
55
62
105
0
48
44
46
57
70
99
0
79
75
84
87
48
56
70
282
49
63
67
63
103
52
71
53
70
81
53
248
39
50
65
48
0
167
186
201
189
208
221
0
154
244
89
191
52
48
57
44
57
62
0
97
54
61
64
69
53
58
44
53
124
0
72
61
50
44
72
48
59
420
43
49
50
0
54
52
47
58
70
84
44
56
62
0
47

