0
0
163
183
131
182
131
151
227
273
149
169
276
229
268
258
246
198
190
281
0
0
143
181
176
153
159
182
217
245
273
401
0
262
300
256
252
136
166
165
0
188
142
153
160
178
196
219
172
1
0
403
161
191
158
290
138
169
172
145
0
167
128
122
155
393
137
223
162
148
180
165
188
152
192
150
0
204
0
191
164
0
174
0
209
172
181
283
148
175
197
148
166
0
167
161
184
328
170
188
129
179
149
172
174
148
391
148
0
234
0
135
201
207
0
181
187
163
162
421
181
180
0
0
210
222
201
242
274
216
190
232
209
261
214
159
232
197
0
240
267
271
280
310
376
220
495
441
252
325
365
191
246
164
254
249
202
161
465
243
201
201
193
264
255
253
204
203
235
294
376
222
258
310
295
317
288
295
364
373
401
355
341
479
438
484
289
396
418
397
373
342
269
0
392
190
225
194
188
218
184
166
210
201
107
51
81
50
57
65
54
125
77
68
94
73
75
63
0
0
0
68
85
0
62
85
69
55
61
0
62
47
68
98
108
225
53
47
81
66
76
93
83
77
49
163
0
51

