148
154
167
167
172
164
167
211
273
327
332
388
347
398
424
186
156
186
182
193
164
163
596
0
230
181
163
156
147
151
218
178
163
368
0
148
191
231
169
254
194
240
155
226
144
173
206
185
207
160
408
205
189
248
172
211
223
360
229
241
166
174
190
159
208
211
224
258
232
211
229
212
237
225
191
202
197
186
187
257
205
212
185
0
172
180
215
230
205
154
183
161
242
220
200
172
191
167
164
177
241
193
140
163
185
135
0
177
357
136
139
196
0
205
183
210
153
169
187
364
198
165
188
206
211
203
160
191
227
207
232
187
0
175
149
176
173
180
127
171
154
359
174
204
170
206
192
150
175
175
188
418
137
197
163
179
190
158
191
154
200
165
0
164
207
149
184
0
216
220
145
223
153
158
0
216
185
214
212
144
215
1
191
193
206
162
174
231
171
224
192
0
205
214
131
178
191
165
178
161
131
143
369
336
142
180
0
172
159
134
151
194
115
166
153
444
200
139
193
134
161
159
178
144
195
692
144
145
165
175
225
139
223
0
0
151
205
0
189
0
179
189
205
168
213
159
151
132
186
167

