1992
2038
0
2066
2061
2085
2083
2161
2186
2067
1997
2054
2137
2068
2140
2065
2100
0
2053
2045
2171
2066
2076
0
2183
2123
2221
0
2010
2107
2062
2159
2120
2071
2110
2265
2028
2154
1
0
2105
2110
2146
2329
2237
2140
2220
2210
2311
2278
2295
2215
2314
2403
2166
2026
2056
2080
2086
2024
2010
2013
1923
1879
2057
0
2034
2001
2017
2030
1943
2015
2012
1990
1936
1897
1954
1879
2077
1996
0
1811
1919
1829
1808
1915
2010
1983
2015
1917
1976
1981
2048
1966
1943
2060
1894
1960
1864
1919
2081
2031
1955
0
1940
1863
1818
1964
1918
2026
1837
1863
1978
0
0
1893
1893
1947
1794
1804
1858
1881
1925
1916
1910
1919
0
1898
1984
1969
1922
0
1799
1849
2045
1891
1951
1922
1965
2030
1826
1758
1906
1876
1903
1966
1942
1936
2076
1890
1871
1870
1866
1884
1873
2043
1841
1877
1915
1922
1935
1960
2022
2013
2026
2020
1977
1940
1962
2219
1935
1953
1994
1942
0
1905
2005
1971
1971
1951
1933
2056
0
1854
1910
1934
1821
1878
1837
1874
1985
2038
2051
1928
1943
0
0
2002
2000
2022
0
0
1956
1912
1963
1892
1892
1988
1915
2003
2019
2085
2108
2073
2169
2102
2161
1999
2071
1922
1989
1986
1970
0
1838
0
0
2046
1990
1902
1909
1828
1921
1965
2009
1868
1969
1862
1922
1843
1980
2103
1962
1957
1845
1827
1536
1416
1447
938

