2082
2086
2092
2111
2101
2101
2109
2208
1993
2057
2081
2108
2091
2134
2178
2097
2003
2033
2077
1994
2147
2062
2047
2146
2168
2043
2165
2095
2121
2136
2138
2267
2057
2191
2144
2160
2070
2193
2298
2281
2080
2114
2179
2024
2123
2065
2225
2108
2101
1
2069
2116
2071
2092
2175
2125
2148
2185
2219
2146
2095
2084
0
2164
2060
2057
2142
2140
2103
2240
0
0
2211
2192
2205
2123
0
2240
2308
0
2299
2239
2288
2365
2319
2363
2163
2188
2211
2164
2296
2143
2241
2270
2296
0
2150
0
2136
2189
2161
2126
2190
2182
2101
2220
2190
2181
2226
2379
2118
2221
2059
2032
2165
2194
2160
2111
2179
0
0
2101
2129
2220
2093
2121
2227
2101
2157
2193
1971
2116
2048
0
2039
2029
2123
2137
2097
2144
2115
2107
2181
2213
2229
0
2180
2133
2021
2185
2084
0
2052
2141
2100
2156
2110
2018
2060
2070
2023
2095
2036
0
2091
2132
2125
2103
0
2171
0
2214
2132
2246
2207
2356
2156
2135
2117
2180
2110
2071
2096
2197
2185
0
2119
2183
2196
0
2153
2161
2230
2146
2043
2056
2174
2230
2165
2161
2090
2097
2047
2094
2054
2075
2109
2000
0
2071
2159
2083
2142
2117
2281
2262
2179
0
2068
2121
1996
2156
0
2071
2063
2120
2111
2176
2113
2066
2071
2100
2058
2042
2219
2244
2271
2063
2123
0
0
2202
2226
2126
2079
2004
2161
1606
1593
1333

